¾Ç²ß¦¸¼Æ = 0, eta = 0.25
4 8 9 34 37 42 32
dWeiAvg max Range = 0
neuron_OUT[1] = 0.126874
neuron_OUT[2] = 0.0919958
neuron_OUT[3] = 0.132583
neuron_OUT[4] = 0.245356
neuron_OUT[5] = 0.204435
neuron_OUT[6] = 0.101835
neuron_OUT[7] = 0.282658
neuron_OUT[8] = 0.229713
neuron_OUT[9] = 0.157016
neuron_OUT[10] = 0.0893469
neuron_OUT[11] = 0.171751
neuron_OUT[12] = 0.16271
neuron_OUT[13] = 0.158479
neuron_OUT[14] = 0.121367
neuron_OUT[15] = 0.125788
neuron_OUT[16] = 0.0986512
neuron_OUT[17] = 0.19566
neuron_OUT[18] = 0.222832
neuron_OUT[19] = 0.11424
neuron_OUT[20] = 0.168594
neuron_OUT[21] = 0.112633
neuron_OUT[22] = 0.137615
neuron_OUT[23] = 0.148077
neuron_OUT[24] = 0.208819
neuron_OUT[25] = 0.174321
neuron_OUT[26] = 0.129548
neuron_OUT[27] = 0.0804402
neuron_OUT[28] = 0.132542
neuron_OUT[29] = 0.214253
neuron_OUT[30] = 0.106662
neuron_OUT[31] = 0.110134
neuron_OUT[32] = 0.195526
neuron_OUT[33] = 0.20004
neuron_OUT[34] = 0.166842
neuron_OUT[35] = 0.209425
neuron_OUT[36] = 0.129014
neuron_OUT[37] = 0.380823
neuron_OUT[38] = 0.0950254
neuron_OUT[39] = 0.141703
neuron_OUT[40] = 0.20704
neuron_OUT[41] = 0.218
neuron_OUT[42] = 0.202107
